epsilon
11
101110022222110
0111000000000100111010
11101111011111100001
102020120222101
2100021211122120020122020112122002211011100021
11110100111
210002120011000021021110002221010101
010101110110001001100000101
0011000
121002121210100200
1111101011100101010000001111011000
02121011000000220112000
1110011100
00000001011010101101
211121210002120121101211101220120000212222002
1110011100110100001
000000011110
01010010101110100011010001
1101101000111100110001110011
212021
0000011011011001100000110000011
001110011100011
111011110111111000010000
010010010010
100111000
10110100011000100110100100010011
101110110111011001011110100101111
0202120120022002120020202020010212102022
0101111000101010000111000111001111
10111100110011001111011101100011
011000110
011001010000101110
102101201001101000112010200200220
122010101200121220000212102212211202012101202
12100102120022022
0100000110210
01111
22201221001021
10000011011111100011010
01100001101101011010
11000110000011110001010110000010100110
2210120211112211222011121100000122021120111010
0111111
11221021202220201101201002100222212102100202
0001001010011001101000001110100111000101111101011
000000011110011
0010011101001011
0222210102
0001010111001000001101111101011
000011110010100010110011110011010101
1101011100110010100110100001110
0110010110111111010001111110100110101111
022
000000011110011110110
11001101001110101000011100010001011100010001
221100200221012222
000001101101100110000
001211221211220111212211002
1012110
111000101101111001110001101100001101011
2201010222220220
101000111110111001010101
0100000010010101010100110111011110001001110101110
000011110
02222
001001
000001011111000101111010111001011011101110
20122111020110
01111111001001111
000011110010100010110011110011010101110100111
01001101010111
2122012010100202020020
1002221012122
11202002210200112222112102200011011112222100010
102002221010001121
10112022220021
111010001101010010100101000110110
1220012022220010120100010211002
0000001101110001110010010110101011101101011
020101
1110010010110110010
0002202110011101220
20000211201112012001222020120
22001112011012020
101001100112110000222001012202121022222201120220
11100111001101000010
1101101000111100110001110011101111110100
01000010011001100110
010111100010101000011100011100
00000101101110
001000000100101001000001000100101111110
110101020100021121020
0121222002202
0101101220122111
011000011
1021002200211022210121102210020020222222111
1100001101101111110100111111001111000110111111001
10000110111110111110001010010
10201101211020120122222122200211112112102
0011110000011111101101110100110011000010011010011
0010000001001010010000010001001011111100000
111000101101111001110001101100001101
101011111000001010010110011
01100011011110100001110
020212012002200212002020202001
1101011110111
011001010000101110000
0120011112011112022102012111120221
0212210221201
21101120022202
0121001120112022
220112220112
0000212102210112120102120221220122202020021100
00100111
101010100110010010
111010220222
00100100110100011111100010001111
02110111101110000001012010000
1001110010110000100001101011010111111011100110111
210120211111112202021000200111221011212200122
01100101000010111000
10100111010000
1101101101111000001000010101111110100
00000000000000000000000000000000000000
0010101000010000010000100111011110100100000110010
10111001221022121222011121122001020002
10011001110
2010111201210001120
01012221110102
02010120000220222
111010101001001010010011001100000
000000010110101011010011011
11110000111011100100101010101110111010001111
0000011011
0202221012202
00101000101010101100110011010010001000000000001
1110110110011110100100000110010011110011100111
11202021222121211012
00110001010111111111011010110000101101101111100
011011
20220112
01100000001100110011000100100
110000110
2201102022210111112110210221022101012201022
00000001011010
2102211102111010
1000011110100101
1011010001100
0202222222
11100000010111100101001111001100100101101110111
0000100101100
0110010101000111
1111001011100100111010001
1011110011001100111101110110
1101000101100100111010001000001001110
1101101000111100110001110
101100001110000101100111100110011101001
01200112002100102100012200100211
010200000122202
000011
000111100
100000010101101
00110001011111101010101000111111110101011100
10101010011001001000010000111011100110010
001111000
12121000001221102002100100202
11212021211020
110110010011000010
02110111101110000001012010
10010111101000110011111000000111001011010100110
011100111100001
201221021210021202011100201221121012102001202001
020102222000110012
111001110011010000101000100111010
02102222210121220
110011220
0101110000010001011011011010100011111000001
1121221211110
01110000000001001110101001
0001001011011011011011
11111111110
1110010010110110010110011101101110
201010222222
2122220012011
11100111011101101110110100101111111001110
11100111011101101110110
00100100110100011111100010
111110011100111001000111111
0110011000101101101011111000100001010101011
000000000100101011011111
01111111001001111011100001100111000
21222002011011010
12121000001221102002100100
011110101011010011100010111
2102222212220212021012000010211011200122102
000111001111111000100100010001101011
121101202002
10210022002110222101
211002122112100
210212112100111
1010100110000110111
01111001100
100011011010001000011000011011100
0200000010211111011022
101101110011101010110101001001010000
1010011000100010010100010000100111010
12000221220211
110111100010011010100101100101101011010111
000101111010
010001100111111110001100100
11100010110111100111000110110000110101111000
211022122221200220
101210102002211011
1011011011000001101000101
01001001100111101100111111011
20000211201112012001222020120221110001012200021
20111020012211011
010100002222020011
22212102022221100010110020221022220
011000011011010110100
0111221102012010201201022200200102012022212202000
000100001011
100001101111101111100010
0211100102220002200220020220122001200121011
110110010011000010100111100100
01100000001100110011000100100111111
0011100111000111100
11011011011
1212100000122
12021211011000
11111010111001010100000011110110
010001100111111110001
02111001022200022
11011100110000001011
110100010110010011101000100
120110100122122000
2111121101010010102100000220221021002211221122111
21201111220001212000110102101010212111221
000000000000000000000000000000000000000000000
1220220221
201001202011000012222202012011120022212120201020
012001111201111202210
110110100011110011000111001110111111010
01001001001
02111001022200022002200
0111100011011001000001011100010011110101000111010
1101211202212
2011220100110202221111012222200100211010
00011000110010010111111
111010000101
200101101122012210212211010002111
11101000110101
122102010210012201212021021111
22012021111211212111200100
020120222221221012220210121202001202020002
2112222000200012112012
100101100
1010100211111222
00000101101110010110010111110100
212201201010020202002
11222011122210220110101212122122210211
010011010101110111100100101001000011101010001011
01111111001001111011100001100111
000000011
1100001101101111110100111
00111001110
00011111001011000011
002102211002021101
00101000100100101
1012101020022110110
00121122121122011121221100222000
22000110211021121100022211100122002202022210120
11110011100001100110000001100101101111
2110021101122221212020010020121121000001212200021
2112120012112
10000011011111
20200112002121221102002101120021210222212110
0111110101101111101100100011011
1111101011100101010000001111011000110
100110011100
11001011201000202201012112112112211121120210202
2011211010220012
101001110100000111100
0012202210012102
0001110000111001001101010111011
1010010100
0100010101
110001100000111100010101100000101001100
1011001010012102012202202120121001102112112122110
112002200001120000220
111210011112021011002212020220200212121002200111
100101111
1100111100000001101100
01100001001111000000000011101001100111
00121111110022112210110111120222002022021211001
010021212020000001101211111010222
02121011000000220112
0222121100022001
211100122222
111001001011011001011001110110111010000001
110000110111111011
00101010000100000100001001110111101001000001
011022012210202
1111021202221
22110002120201210112222211102222211
01111100011101011110000111
012212001021202
1110001110111101101001110011111010000000110111111
0122212212001
01000010011001100110000101101010110000001010001
0111011201202121101201002111020220211121
0211011110111000000101201
02201201100012112
111111110000111100100111
12112010212200010210101221220122011122102112201
111110101110010101000000111101100011011
11001010100000111
010100101011101000110100010
101100001110000101100111
001000000100101001000001
112220111222102201101012121221222102110
0210110112221020
110110011101001011100
10110110110000011010001010011
000001101101100110000011
02210010
1110101010010010100100110011000000000
2121212000012002
1110001011011110011100011011000011010111100
1010000110010110011111000000000
0111111100100111101110000110011100011010010
20010122211220100021010120
1012201111202020
22212102022
2112000112101020102211220100121202011112202
0110000110110101101
1111100111001110010001111
2001012221122010002101012
0022
10112022110022001
11100111011101101110
000000000000000000000000000000000000000000000000
010000101110101110101100000110110000
1010100110000110111111101011110111010011011010
1001011110
10101110111
1021012010
01101001110011001001110010010001110100101011
001100010111111010101010001111111101010111
00101010000100000100001001110111
1100010021021111121100201121
11012021111200212122200001002112
202221000022111
00101001010
01001202
101100101001210201220220212012100110211211212211
220101022222022012221021201020110222201020012112
1011100222221102210100210201110212002112212001100
11100010110111100111000110110000110101111
00011100001110010011010101
10201
011100000000010011101
210210021221120200100200121020
1110100011010100
111001001011011001011001110110111
11011011011110000010000101011111101
1110100011100000011110111111001100110111110101000
11000100210211111211002011210002111220120211
20021100100022110212210210012012120201222102120
21220120101002020
0021111122010202
1111111100
0110110
00001001011001100
11011001001100001010011110010011101101
1110100011010100101001010
0111110011110110100
02002111120222
0110020120010210010001100110
0220222010120211221222002110120000111122220
12121000001
02211122011122220000112102022001001122101020121
1011110011100010100111110101000101010010110010
101101111110000100000011
01001010000000010
11110011
0110000000110011001100
10001100111010001
0001111
0000000000000000
0110011110100111
011011011110010000010101
111111110110110100111001011000010011001011100
21111021012022
101011111000001010010110011100110011111
000000000000000000000
110110010011000010100111
0110010100001011100
101110001101010
202112002
1110011001111111110
10110000111000010110011110011001110100111
0221122111210
0120200212
110110110111100000100001010111111010011
1112121120
01011010111001010101000101100
0101001010111010001101000100
1101101101111000001000010
12210201021
220100010221212
01110011011011110101101101000001010011111
0101010112100020121101
0010010011010001111110001000
10000110111000111111010010110101111111110
0100010001011010101
111101111
1100101010000011101101000101111101
01110000000101011101111100010000011001010110
1020200010121200121
012012012122222112221120021011211022000010011
001110011100011110
2222120222211111101
001101111
20202212102101
100111000000010010010100001011111
1001001011010
0100101000011011111001100001010
0000000101101
0012112212112
222100120100022010
0010010011010001111110001
0000010111110001011110101110010110111011100
0101212222102210010200222
101110110111011001011110
0011100111
10001101000101101111001010010111101000011111
100011010001011011110010100101111
000001101101100110000011000001100010001001000111
21111112001221
222102011102210112120000011110100112122001212121
10121112120201122
1101012012212120002120201011220212022122102
1101011001010101111100111
0111000000010101110111110001000001100101011010010
110000110110111111
100101101001010100010011100101101000011010001
1111111100001111001001111000011111
111011011001111010010000011001001111
000001101101100110000011000001100
11111011010
2121221102
01101110001110111000011100000101001001110
01002001202
212201
202
0000001212111021
010011100101010111
01100000001100110
01100001101101011010000000100111011000
0001110000111
122022102120212
1010011101000001111
1110000000111101011100111
000101100111001000101111
01100011011010111110100111100111111100000101
111100111101000110111111100000000011
10010
2221210022210201
11011001001100001010011110010011101101011
210020102221021
1211010010022101001112220122201010221
0001001011
000111100011
111010000101000100100
000111100011110100011000001011
212201201010
0100100110011
110001111
102011012110201201
2001011011220122
02221211000220010
101000011001011001111100000000000
10210120100
11110120001110220200
100000001111001011010000000010100110100101010111
2112000112101
100000110111111000110101001011
00011110001111010001100000101111000
010110101110010101010001
0100011101010111001010100111110011111011110000101
111110101110010101000
11011011011110000010000101011111101001101111
111010001101010010100101000110110000
222122121001020211202112211020112
22220000101010100121
0110010100001011100001001110100011110100
11100100
1100101120100020220101
010000001001010101010011011101111000100111010111
1021002200211
000100101101101101101111
2200221020122
11111111110110101101
1111001111
100010101110110101100000011011001
00102111200020222
111111110110110100111
101110012210221212220
0100101000011011111001100001010011
101001010010010110
00011110111011010101001110110111001011101100
12220212010120
01110112012021211012010021
12021122100102001
00000001111001111011010100010110100011111100101
0120001211001011021011
121120102122000102101012212201220111221021122010
110110110111100
0122200120020012210
01222111
10021
1111011
01100001101101011010000000100111
0102102100022110012
010111100010101000011100011100111100
101000011111100000011101100110010
00002121022101
111011110111111000010000110
1011110011001100111101110110001111010000101001
211000211121100010200021012122221110121201020122
01011121002021100101210001022002220022001001221
1011101101110110010111101001011110001111
002200110012210220
11111010111001010100
1122011010011200010002200122210211112121102102211
102102112011111211120211211212110002220121001
10110110001001111010011001110000111110101111
20120010022222
2201202111121121211120010022220
100001220012211220201120020012200220022011
0010000111
10111100110011001111011101100
21120001121010
01010010101111
100001220012211220201
010010100001101111100110000101
1221020102100122012
02122210001100111102
0110000110110101101000
1100111101000010110001111101110110111010
0010110011011111011
2202101112000100112220122010102212100022221120
10212212110111
001010011010101101101110011101100101101110011
1001011010010101000100111001011010000110100010011
1011010
011000011011010110100000001001110110
11001111011000010000100
0121
12100212121010020
00100000010010100100000100010010111111
20122022012101200
2221210202222110001011002022102222
11222100111002
01100011011110100001
0012112212112201112122110022200012011102
1111001111010001101111111
11111100
102020212
01111001100010000011110011010
10011100000001001001010000101111101111110
111010010101000110010101
220112121102020220121202112112000120100211120
2201002210221121011202211112022102001111010111
110011001000010
11011011011110000
100001111010111100100001100101110011111101011
000000111101010101011011
00100100110
121
10100111010000011110
021011011222102022221122111011022122121
1101000101100100111010001
101222121112010120200111221110202202022002020
0111011201
01000110011111111000110010001110100100001101011
01111101011011111011001000110110001001110110
11001100
012100011022
22211202211
00000101111100010111101011100101101110111000110
0222210102202
00000110
111011100010100
1110101010
222122121001
012012
0
2112120002022001
111110101110010101000000111101100
02011101221010211
0110100111
00100000010010100100000100010010111111000000
1222111221021211
10110100011000
20221111010210210011100011212001
2002100101021222
221022121111002200001122220011120012022202101
2201010222220220122210
1110011101110110111011010010
100010101110110101100000011011001101100010
1100111101000010110001111101110110111010001101100
0011000001001111010101
01000110011111111000110010
001221220121110110
21201111220001212000110102101010212111221121
10021100000111001012002022210200002201211
111000101101111001110001101100001101011110
101001100010001
1100001101101111110
110111001
01010111011000100110000010100
1220012022220010120100010211002020102121202012
001011100010000001000010101100011
0011000101011111111101
1001000011100110001011000010001000010100010111000
0110000110
0202120120022002120020202020010212102
0010000000111100000111
1010201210
11010111101110
11000011011
0000000111100
01101101111001000001010110001111001001011101111
200212011210222221212200222200011202000000010102
22011212110202022012120211211200012010021112
002221122011101
100011112211101010
10100111010000011
00111100000111111011
010011010101
1111110011
10011010111100111101001000101
000000000000000000
0100111001010101111110000101111
100111000000010010010100001011111011
1000000011110010110100000000101001101001010101
01100011011110
011100110110111101011011010000010100111111111
02102002201010020111
112001121100121121
11010102010002112102021122222200022102212211
0011110
1001
11110100111100101010100101110010010110000111
000201212122012
002001112101011221
0110000000100010101100110000101001101010000000111
00111100111001110
012200122020002011100212211210101222112121102
2010022201102021
011111110010
2201010222220220122210212010201102
01111101011011111011001000110
1001011010000111
111202202000111100010
21021011102211110022121102121020200011002
1110111001011011010
200002112011120120012220201202211100010122000210
0102102100022110012022021211120102222202122
1021002200211022
12012212121122010112110010012221112012110102
00000101111100010111101011100101101110111
20121100202110100200
111101001111001010101001011100100101
000000000000000000000000000
2201012
1111101011100101010000
00100000001111000001111100110000001111
11100111
010001000101
11111111000011110010011110000111
00100001
11110011110100011011111110
200101222112201000210
1020122020111221110211
11111111000011110010011110000111110
101101
000110110101001101000100101111011101001010010
0100100110011110110011111101100000011
11011100110000001
00100100
10210120100110100011201020020
120010
0110111000111011100001110000010100100111
001011110011010100001
000000000
0210110021
2212111111112012212102221120120120202101
0001010010011110100
0010000000111100000111110
0112002210101111110
1000110100
011000100100
0100100101001010
111211111102102
112202000002
1011102
11100110011111110011
101101111110000100
100001101110001111110100101101011111111100
00000110110110011000001100000110
01000010111010111010110000011011
1110011100110100001010001001110101100
10110100
10201220
11110111111
1020211201002201010122002012002000122120012112122
0011000101011111111101101011000010110110111
12122000220
1002211221211100102000102102021122200000112102122
1110010
0100000010010101010100110111011110001001110101
02200012200211012
10100001100101100111110000000000
11111111011011
00220011001221022
10110111
011000000101000001011111
100110101111001111010010001011110101111101011
11100000001111010111001111001
120101200022221
010001100111111110001100100011
00001221
100001110012012
1101011010
10012101001120222
0002120222221
0010100101
1102200011010010110
1221112222
10011100000
0110001011101110011101100001001110100000111
111001110111011011101101001
0020222210221122002210211222
2220001002212111222221
1200022122021121012210012212011110210020002
11011011011110
21112000222122122122122112211100102002010
000000011110011110
11001000010010010100100000
02121211
000111100011110100011000001011110000
010010100000000101010111000011101001101011110
0001001010011001101000001110100111000101111101
1011010001111
010100010110101111111010
11001010020110101222
0110111000111011100001110000010100
10101110111100111
102221220002
010000100110011001100001011010
01011110001010100001110001110011110
000000
111101200011102202
202002102022201
22202202
1012112202002011
102101201001101000112010
000011110010100010110011110011010101110100111000
200101101122012210212211010002111120002221101
011000001110001001000101100011000000
11111010111001010100000
20000210012102222122221222111202210110201
01111211211202
010010011001111
0110110100110100011111011010110101
00111001110001111001000111111000110001000011101
01201201212222211222
00202222102211220022102112222112210112111
101000001100010010100111000011000110010001110
21220120101002020200202001002021
101111001100110011110111011000
122102010210
20101202
111202101200021
0211100102
001010001010
112221210002
01000010011001100
101101000110001001
1010011101000
100222101212202020
0010220010211112020
1000110110100010000110000110111000001100011
110101111011101011101000100101100100000011011101
1111100111
0110011000101101101011111000100001010101011011
202220211121102110122111000212010102210112102
120202200000022210211012022221201202220012002
2112210222100
02201112110000122
101101000111111
200002
111010100110110010010101100111111000000010101100
1001000011100110001011000010001000010100010111
01000110011111111000110010001110100100001101
10101111100000101001011
120110111
1011102000
120111210202000112111211
0110000001010000010111
01112221
011000011011
1101110001001000011010
00000000000000
100111000000010010010100001011111011111101100011
0101011101100010011000001010010011011100101
11000111100011
10100011111011100101010100100000000100
11202
00011111001011
01001110010101011111100001011111100
110
10100001100101100111110000
11011100010010000110100110111111
100001101110001111110100101101011111
0100111
22010201100120211
00110001011111101
110111001100000010110110011
002200111201222
111111110110110100111001011000010011001011100110
0100011101110000110000100100101000100
011111010110111110110010001101100
0001101101010011010001001011110111
111010001101010010100101000
1111011111101111
1111110000011
2022111101021021001110001121200111201102
000101100111001000101111011000110
110111100010011010100101100101
010121222210221001020022201112211200102212001022
121022201200201
1111001111010001101111111000
220101022222022012221
21221011102122
11111111
1011110011001100111101
2101111022021
001110011100
001011110011010100001101111000101111
00010100100111101
110010100201101012220
0010110011011111011110110110
00011011
111010101001001010010
00101000101
102001120100200222
1101110011000000101101100
112122121111
012220100000122002122012202000210202122121100202
0022222020
100111010100001111011011111101111110101011
11001110100111001100001111001101
0111111100100111101110000110011100011
01100000111000100100010110001100
110011010011101010000111000100010111000100010000
000000000000
012012012122222112
0111111100100
1010000110010110011111000000
02101100201020002000200020021011002210120111
010100101
10001101000101101
01011010111001
1010001111101110010101010010000000010
2120021121022221122220220212011010200112
0002201111012002011212012211012012200220200120121
0111100011011001000001011100010
02200
22212102022221100010110020221022
000101111010010010100111
010011101100011
01221
122120112202
110201200010212021
0111221102012010201201022200200102012022212202
0221112201112222000011210202200100112210102
100111000000010010
1110011101110110111011010010111111100111
21122102221
0101110202211011
0100011001111111100011001
12000221220211210122
002222202
10000011011111100011010100101110110110001101
00010010100110011010000011101001110001011111010
00000110110110011000001100000
00010110011100100010111101100
1211201021220001021010122122012201
21122220002000121120120
0022222020120000210010212
0110010100001011100001001110100011110100011
110110110111100000100001010111111010
02222121002101
101100100002110
220120211112112121112001
11000110000011110
1200022122021121012210012212011110210
021011011222102
01111111001001111011
11100100101101
1011011111100001000000111110111011000100110011010
2111122102210
10111001221022121222011121122001
10002010011
1110010010110110010110011101101
0001100011
2022202111211021101221110002120101022101121020
0101001010111010001101000100101100100100010111111
000101111010010010
0000212102
1002221012122020200
01002121202000000110121111
01110001010112100011022
100000110111111000110101001
000011101001001010010101
011
2012202110002120
00000001111001111011
0110010110111
11110111101010111101001010000110010110011101
0110010100001011100001001
211121210002120
2111202020211111220
0111011201202121101201002111020220211
10110111111000010
000101100111001000101111011
22102212111100
210002120011000021021110002
1212100000122110200210010
1100111010011100110000111100110100
2020011200212122110200210112002121022221211
0100001011101011101011
212121012002002
1011000011100001011001111001100111010011111000000
0000000101101010110100110
01010010101110100011010001001011001001000101111
10000110111000111111010010110101111111
0000011011011001100000110000
1101101000111100110001
11011100010010000110100
11010001011001001110100010000010011100
10011100000001001001010000101111101111110110
100002022101002102
22221012121
00100000010010100100000100
01111101011011111011001000
1110011101110110111011
2012221200
1022121110202001
122002121200200200021100000122110010102001211021
11211100221002
220101022222022012221021201020110222
0111111100100111101110000110011100
100001111010111100100001100101110011111101
0111110011110110100010001010101100110
010011100
0110101110011000011101
112212111022
111101111110111111
1011001100011000010110011100001
10011011012222011
011110111101010101
1100110200011220110200
1010000111010
0100111001010101
100111
000001101101100110000011000
002211
0212111112020101
12221212221012110221122200200010111120
021222221112
0100212120200000011012111110102222101
212011112200012
000101010101100
0012201222
10110000111000010110011110011001110100111110
111100011110
11000110
210002201011222
2122012010100202
00000000000000000000000000
1111
20022010222010200
111100111101000110111111100
100011001110100011011111100111111111110101011
2121211112001121111121121120200000111201120220
1001100001
00111011110100
21201111220001212000110102101010212
02202220101202
1000000001101110010101011111101101101
12221
0112001102
01000101010
110000110110111111010011111100111
0011000101111110101010100011111111010101
10000110111000111111010010110101
1101111
0101022212121220021220121021011222120020020
102201221210120210011101221002211222201000020110
00010110011100100010111101100011000
21021002122112020010020012102
010212110002100010212221021122212211101021121
0202022001112111
22212100222
00001001011001100001100
011122110201201020120102220020010201202221220200
001111200101
110100010110010011101000100000
01100101000010111000010011101000111101
1212101102101120
2210221211110
0101212222102210010200222011122112001022
000111001111111000100100010001101
12221211112011
111001110011
12122
001000000100101001000001000100101111110000
1000000100
011111000111010111
01001101010111011
10102
02000000102111110110220
000
0012210
11110001111001001000111010110000001110100
111100011110010010001110101100000011101
11100000111002010110200012
121012022111002
101101110011101010110101001001010
011011011110010000010101100011110010010111011110
1000011011100011111101001011010111
11011001001100001010011110010
021110010222000220
00000011011
100011010001011011110010100101111010000111110000
0000010110111001011001011111010010000100
0210110020102000200020002002101100221012011122
001011110011010
2000021120111201200122202012
111001
110000110110111111010011111
0101212222102210010
10010000
102021120100220101
0002012121220120
101000011001011001111100000
11111010111001010100000011
1220101012001212
12020220000002221
100100001110011000101100001000100001010001011100
00100000010
1100001101101111110100111111001
011111010110111110110010
1110011101110110111011010010111111
0111110101101111101
11202022011
001100010111111010
021110010222000220022
01100001101101011010000000
012122020121211221011010212111200
10011100000001001001010000101111101111
00010010110001220110001100012
11001111010000101100011
0202
01111010101001101
110100010110010011101000100000100111
011111110010011110111000011001110001101001
001001001101000111111000100
1110110001000101110000100111000000000010100000
1100011110001110000000111111101110111
020202010212112
1100011000001111
2111112222012001001202220012120201221002100002001
21120220201201
00111111
0100100110011110110011
1100001101101111110100111111001111000110111
101110001101010010100011010001
0010000111101110111100000101001001101101000001111
1001110000000100100101000010111110111111011000
10111011011101100101111010010111100
01111101011011111011001
0000000000000000000000000000000000000000000000
1111001111010001101
011111000111010111100001110111110100101
0211002002110021000222102001022212121120122000211
1201210111112012120011121101220000020221021112101
1010010100100101100
000001101101100
2110102112220000012
022112211121
2111102101202200
2102100212211202001
12200212120020020002110000012
011000000011001100
211000211121100010200
1010111110000010100101100111001100111
0011012210
0100111011
120122121211220101121100100122211120121101020
10010000111001
22212102
000101100111001000101111011000
1221112222000
00202
220
1101011010111010011001101111001110000011101100110
0110000110110101101000000
11011000111110001101
021210110000002201120
001011001101111101111011011011001100
00111120010110202120202002201002212
011001111001001
01111010101101001110001011110111010110110111
100000000100
00111100
110111001100000010110110011110
20211
1101100100110000101001111001
12110100100221010011122201222010102212222202
011110101011010011100010111101110101101101
00110001010111111111011010110000101
10022210121220202000020012210120221
101111001110001010011111010100010101001011001
1211212112020211
10111011011101100101111010010111100011110
0000010111110001011110101110010110111011100011011
01100011011110100001110011
110001100
11101000110101001010010100011
1112011010011012122
1011110011001100111101110
0001111000111101000110000010
1011011111100001000000
010001000101101010111111000110111
22102120200020011
1101010201000211210202112222220002210221221100
101000011111100000011101100110010100001
011001111001001101010111
02101100201020002000200020021011002210120111220
110011010011101010000111000100
1110100101
0011100111000
0010000111101110111100000101001001101101
110010101000001110
0010111100110101000011011110001
2201202111121121211120010022
02111001022200
10110111001110101011010100100101000
11001010000111000111011111100001100010110001
100122
10000111101001011011100101
110111000110111
1020201202221011012122120211221222122
2122012010100
10000001
11011010001111001100011100111011111101
001110111100010
1111111111
110010111100010
012122
120202200000022210
010100010110101111111010110
1011100011010100
0011000011011
211200011210102010221
0110000000110011001100010010011111101000110100
022221010220222
2102101110221111002212
1110101010010010100100110011000000000010010
0012202210012102102111210201022211202220211
10011100
1020120221211000001
1100110000
101101111110000100000
101000011101
11110011110100011011111110000000
10112022220021022221112020110102202020222
01100002110022021012
01101001110011
011000011011010110100000001001
101000100000100101110001111110100111001010
202211110102102100111000112
00011
2211120022120101222110112200111210221212
2212120111010
10010110
0010000100110
1111000011101110010010101010111011101
1110011101110110111
0001100011001001011
210012221201020
221100100111011102122011001121211102021111202202
10010110100001111000001010111
211110210120220
0001001011011
00010010
21021
0122010220102002222100021022012222022222
1022012110000101
011111010110111110110010001101100010011101100
101120222200210222211120201101022020202220
0110001011101110011101100001001110100000111110
001010001001001011110010110101101000011
110011110110
001111000001111110110
001001110
001010101
001110011100011110010001111110001100010000111010
221022121111
101001111100110011000110010
011000000011001100110001001001111
0111010001111001001000101010010
011000011011010110100000001001110
00000110110110011
0010110011011111011110
222221001110012100120101211110020211122221102
2111202200222121100121012020222201020020202
0001101101010011010001001011110111010010
110022102112021
200220102220102
1111001011100100111010001110
0110000001010000010111111100
001010011010101101101110011101100101101
000001011111000101111010111001011011101
0111111101000011010010111011101110011000010
010021212020000001
220101022222
01100101101111110100011111101001101
1122011010011200010002
21200211210222211222202202120110102001120
2110101221011211011222220021212221222
0000
0101112100202110010121000102200222002200100122122
00110011100100111110011010000011101000100010101
1110011101110110111011010010111111100111000
0110000000110
1000000001101110010101011111101
1101110001001000011010011011111101000010
01212202012121122101101021211120
1120121101102212
221100021202012
0001111000
1000110100010110111100101001011
120002212202112101221001221201111021
12200120222200101201000102110020
2221021
10101202010112022
022210012121
1110110110011110100100000110010011110011
2002110010002211021
001100000100111
001110011100011110010001111110001
00100000010010100100000100010010111111000
10100110001000100101000100001001110100111110010
120022001
10202122020112
0000111100101000101100111100110101011101001
2110002111211000102
12122000202122100
11110111111011
02100201212121222222012012212122212
10001101101000100001100001101110000011000111111
11010112211212
221012021111221122201112110000012202112011101
0111110011110110100010001010101100
0222112220011
0110110111100100000101011000111100100101
0001110000111001001101010111
0111001101101111010110110100000101001111111
001100001101110100011110000000101110111111
10111100111000101001111101010001010100101
22212212100102021120211221102011200121
01010101121000201211010
100110101111001111010010001011110101111101
11101000010100
021210110000002201120001211121112100211011
010010011001111011001111
0100100110011110110011111101100000011000011
100101101001
11100110011111110
01101101111111101010101100111
200212022110210
000111000011100100110101011101110111101
10111000110101001010001101000101111
0110011
0111112112110201
1000110100010110111100101001011110100001
000000000000000000000000
01101101111
02220221122021202200102001102122110122121
02010101100221000100112
1100001101101111
120212
10110111111000010000
101100110001100001
222121002
11110011110100011011111
0200200112122201
010110011001000101
011111100
111110001111100110111110010110000001001110101
200101
100111000000010010010100001011111011111101100
011001010000101110000100111010001111010
001110111101
020111120
110010101000001110110100010111110100110
1111111100001111
01100001001
20020002002221122201201111200010111202021112022
00111100000111111
0001002002012
20022002
0010100010010010111
001000011110111011110000010100
0110100111001100100111001001000111010010101100011
0020222210221
22121111111120122121022211201201202021010
01100101000010111000010011101000111101000
1112022020001111000101221112101212210211022
1010000110010110011111000000000001011100100011111
220211022002210122
011000011011010110100000
1011011100111010101101010010010100000
211120002221221221221221122111001020020100
110210122011121
2002201022201020
011000000101000001011111110010100011100000100
110000110110111111010011111100111100011011111
010000100
00010110011100100010
101110011011110011111011110110110101010
1100110
111100111101000110111111100000
0111101010100110100
101221201201202212001202210221002112122011
100100
2200011021102112110002221110012200220202221012
1000110100010110111
110110100011110011000111001110111111010011
1100111012100002221
101000111110111001010101001000000001
021110010222000
1111000111100100100
011010000001100000001011011111001111100101
122001
110011110100001011
111100111101000110111
0111001101101
2121110002121202
121120102122000102101012212
11000011011011111101001111110011110001101
020212211212221011010010222211001021022110102
111001001011011001
111011110111
21100212211210
012010121211
110111001100000010110
1111101011100101010
00122222200201222002222012221220022012200120101
00110
11001102000112201102
111202202000111100010122111
0010010
0101011101
1010000111111000000111011001100101000010
20021202211021
1120202201111022021220200210010020110211001
110001100000111100
121210110210112
11000110000011110001010110000010100
0101212222102210010200222011122112001022120010220
10101110111100111111011000111111001
2010012020110000122222020120111200222121202010200
012200122020002011
02202220101202112212220021101200001111222200
1201101110
21211120
01001110
0000000001001010110111111111
1101000101100100111010001000001001110011100111110
100111010100001111011011111101111110101
00000
0001011001110010001011110
001100001102111220111
0100100
01100111101001111111
11110011110100011011111110000
11021012001011022212222100022012021102111122
00000000010010101101
21120001121010201022112201001212
1101011010111010011001101111001110000011101100
01112211020120102012010222002001020120222122020
00111011110001011
100000110111111000110101001011101101100011010
001000000011110000011111
00111011110001
220210111200010011222012201010221210002222112
102011012110201201222221222002111121121020
0011000011011101000111100000001011101111
10010110100101010001001110010110100001101000100
2221221210010202112021122
1101101101111000001000010101111110100110
02211122011122220000112102022001001122101020
0111110001110101111000011101111
2012110200002122
101000111110111001010101001000000001000
0120120121222221122211200210112110220000100110
0000011011011001100000110000011000100010010001
12011121020200011211121112010122121200221
1210021212101002
22
1111111111011010110101001010100010000001101
111010001110000001111011111100110011011111010100
110001002102111112110020112100021112201202112101
22020112
01012122221022100102002
111001110011010000101000100111010110
12221212221012110221122200200010111120111120200
00022021200111222
222011000001110221
1010000111010101101
112000022120010101110
0110001101111
2100021200110000210211100022210101010
1101100111010010111
11010111001100101001101000011100000
0100010001011010101111110001101
1101110001101
0111110001110101
0202120120022002120020202020010
0122112012
1110101010010010
102101201001101000112010200200
00102120
0000010110111
000111011000010101110001010110101011011
110101020100021121020211222222000221022122110
002010212101000011
11120220200011110001012211121012122102110
01111100111
2100102202202021000021122001212021112100220212
1100110000011
010010011
0010000001001010010000010
0000111100
0010110011011111011110110110110
00000001111
0202101212101012
1010101001100
10111100110011001111011101100011110100001
2222120120121100110101001220111202101012020202002
010111100010
22212102022221100010110020221
111001001011011001011
100010101000000010100101010011010010111001101100
010210002
1001011010010101000100111001011010000110100010
0110110111100100000101011000111100100101110
1212112122012
11100111011101101
0202112102122
202001000212221012021120111022210212100112020011
00001111
1011110001101011001111100000001101000100101000111
020101200002202221201200001021220212202212
00002121022101121
1011000011100001011001111001
1211101122120100102011120
110110110111100000100001010111111010011011
00101111001101010000110111100010
101010100110010010000100001
01110112012021211012010021110202202111210
020101200002202
2002121220220
1110000000111101011
11100100101101100101100
2201202111121121211120010
0100111001010101111110000101111110
0110010101000111100111
111000000101111
11100110011111
11000011011011111101001
0000000000000000000000000000000000000000
100101111010001100111110000001110010110101
10111100110011001111011101100011110
0101212222102210010200222011122112001022120010
000011110010100010110011110011010101110
0010000001
010010011001111011
0001001011011011011011111010101
200101101122012210212211010002111120002221101202
1101100100110000101001
0000011011011001100000110000011000
102021220201121202001202011010021102221222002
01110000000101011101111100010000011001010
0110110111100
101110012210221212220111211220010200022200
110010101000001110110100010111110100
00000110110
11001100000
22021201
0001001010011001
2211120011201221201
0012111221010011020
001111001110011100
1212220102111
0110110111100100000101011000111100100101110111100
101110012210221212
1110011001
011111110010011
01001110110001111
1201122202220001111221201101111211110210212
011001011011111101000111111010011010111111
01110110011111000001101000110000111
10001101000
010000001001010101
000220211001110122
01012202012202221220000102100122201000012212121
21100021112110001020
1112111111021020
01001110010101011111100001011111100000010001101
0001011001110010001
0010101010
020101200002
12110100100221010011122201222010102212222
11010001011001001110100010000
01100101101
11100000001111010111001
102020221010210010122212221121012022122002
0111101111
1100111101100
0200101
101110012210221212220111211220010
0000011
101000011111100000011101
011001011011111
12001
202220101102111
111021101011122101200122202112212222112001
011000000011001100110
01111100111101101000100010101
10011001
10000000011011100101
0110
12221212221012110221
0201012000022022212012000010212
1111012000111022020
0000011011011
20020121120020000210
222000100221211
0220211211001111
0001001011011011
222121020222211000101100202210
0010111000100000010000101011
001000000011110000011111001100000011110
122221101211
1011100122102212122201112112200102000222000
11200002212001010111
01010001011010111111101011
101101000110
101112021000012121
0111011201202121
011111100000100101111100111
011111110010011110111000011001110
10221211110022
000010010110
01101110001110111000011100000101
010011100101010111111000010111111
2201211211020001
1100101111000100000
1000011011100011111101001011010111111111
110110
101000011001011001111100000000000101110010001
10100011111011100101010100
100211000001110010120020222102000022012110
210000020122222
1000001101111110001101010010
10100001100101100111110
21021002122112020010
0000000000000000000000000000
10111001221022121222011121122001020002220
0011000101011111111101101011000010110110111110
10100111010
0111100011011
0022001112012220
0110000
1010100110000110111111101011110111
1110001010100011101011111011101000110111
12200221
212002100120011021
11200220000112000022
0001100
220101210212212100120010010100211012101010022000
00000000010010101101111111
010000010111110001101011100100101
022111220111222200001121020220010011
11101110001010010101011001010011010011100110001
0100212120200000011012111110102
2110021221121002012120000012021211212220221
1001110000000100100101000010111110111111011
000001110000010111110000010
2200100112020221
0122120010212020
02211221112101022111121021222220122002
221200122202
11101010100100101001001100110000000000100101111
000100001011101100101110011110101110000111
0102112000112122
000001011011100101100101111101
0110000110110101101000000010011101100011
10221121011200021102
001010212200121100101
0111000000000100111010100111
00011000111101101101001011100000010011011
1112011200010221200211121022201010121001020220220
11001120101011111222010122120200211012122020112
0011001110010011
201200100222220
2011201221102122220221220121202021110020
0121220201212
201120122110212222022122012120202111002
010121222210221001020022201112211200102212001
0001210000200211000110210100
10110010100121020122
011001010000101
02000000102111110110220000
10022210121220
01102110111212
101111001100110011110111011000111101000010
0001001011011011011
1111111100001111001001
00000000000000000000
110101110011001010
201202202020121011221000121201100122202021101002
11001100100001
1202010002002002210010
0221222120002122122
10100111110010000101100000011011111100111101
101000001100010010100111000011000110010001
1112022020001111000101221112101
10022210121220202000
111201120001022120021112102220101012100102022022
111011011100000001101000100100000000100001010
1011010001100010011010010001
02020200110112120010
1101202111120021212220000100211222
001000000100
0202011
0010111100110101000011011110001011
1001110000000100100101000010111
211112210221
01001110010101011111
2110002111211000102000
01100001101101011010000000100111011
22122101221
101000011001011001
220101210212212100120010010100211012101010
1011011100111010101101010010010100
1011101101110110010111101001011110001111001111
00110000110111010001111000000010111011
01111101011011111011001000110110001001110
0210202112220012
001000010
110011110000
0111001
2201010222
100011010001011011110010
12011011200211122012111212122001112200200010121
1011100122102212122201112112200102000222
11100011101111011010011100111110100000001101111
1101100
0111110101101111101100100011
2100012120202020010
1110110110011110100100000110010011
1011000011100001011001111001100111010011111
0010011101001
121101001002210100111222012220101022122222020
1000001101
122120120122
12122201021111000201
100011010001011011110010100101111010000111110
2010101012
100011010
1101011100110010100110100001
000102100112
021022210220110
000100101101101101101111101010110111000100011111
11000111100011100000001111111011101
111010001101010010100101000110
101100001110000101
00100000010010100100000100010010
200001222101102220111222121111012101011220120
022022201012021122122200211012000011112222
1000110100010110111100101001
1110100011010100101001010001101100
10012012200020212
0211100102220002200
1000000011110010110100000000101001101
011000001110001001000101100011000000110
0222210102202221000002020201
0011110000011
212211202111
110010111100010000001101011011011010
02212220221101
11001110121000022210
0001111000111101000110000010111100
0121220
011111011011000101011100010010
1211121000221
1111111100001111001001111000011111001010000101
1110211010111221
01001010010
011100110110111
0000111010010010100101011100
10110000111000010110011110011001
022021212202
110111001100000010110110
0121220201212112210110102121112
001222222002012220022220122212200220122001
001000000100101001000001000100101111
002002112021210212212122011212212201202
111110101110010101
220102211101010
0010000001001010010000010001001011111100000011
101101111110000100000011111011101100010011001101
12210201021001220121202102
10010000111001100010110000100010000101000101
11111001110
022121101110120100
02222101022022210000020202012011112
011001111
1111001111010001101111111000000000110
12111011
111001110111011011101101001011
01100011011
0001010010011110100000001010000110000110101
1221201201220
1012221110200201
010010010100101
012002221000
1110202210221210
0001011110100100101001111000110100
021011002010200020002000200210110022101201112200
1111000011101110010010101
220000102200112100101
012001
021020001211111111
011022221100022
2100120000100222111
000020012100102112102200021221012021102022021222
2221221210010202112021122110201120
202002212002111
021110122121
110110110
0211011101
111001110111011011101101001011111110011100
2211121102212202
1001110000000100100101000010111110
001100010101111111110110101100001011011011111
11111001110011100100
111110101110010101000000111101100011
01110112012021211012
20100120201100001222220201201112002221212020102
1110111001011011010111010010010001000100
011010011100110010011100100100011
10000011011111100011010100101110110110001101011
10022210121220202
10210120100110100011201020020022
0211100102220
211200011210102010221122010012120
0100011001111111100011001000
1212101
00221200211121001201122222100110111221110101201
1001000011
121002110021212101
11111111000011
011011010011010001111101
11000111100011100000001111111011101110011
001211122101001102
1100011
000000000000000000000000000000000000
1122010120121202
1010101
210002120011000021021110002221010101022
022212110002200100
00011000111010111100110101
0000000101101010110100
222211
01011110001010100001110001
010211211200221211
210001212020202001
1110000001011110
111111000001110011100011
101001010010010110000001110101110100
000110001111011011
11001000010
110000
10111001101111001111101111011011010101
22211220201210210002212002000220211121111120
10202000101212001210
100000010001000001100000011001111001011110101
10212212110111211221201202011012212012120
00100000001111000001111100110
1010000110010110011111
0201012000022022212012000010212202
11011100110000001011011001111
010001000101101010111
1201112102020001121112111201012212
20121211011121000
1201112
00001110100100101001010111
100222200112012
00010101110010000011011111010110011100111
212010000212100211
0000011011011001100
220101022222022
10001010111011
110110100011110011000111
20121202200102001101
10100111000011110011111001100000100100101
0010110011011111011110110
110001100000111100010101100000101001100011100111
1001100111
11100010101000111010111110111
11011011
222112202012102100022120020002202111211111200
00121
022000222002110011
10000122001221
02121011000000220112000121
201011120121000112
01010101
11011100110000001011011
100000010
0000101011100110011010100000111100110100
11011
0010100110101011011011100111011
100222101212202020000
01111001100010000011110011010110
10001101000101101111001010010
0101001010
110011000001100
011110
01000100101
111111
000000000000000
111000111011110110100111001111101000000011011
010010
110011101001110011000011110011010
11101000110101001010010100011011000
111100001110111001001010101011101110100011110
0021022110020211010
201212
2211111111220
001000010011
000110001111011011010010
12020100020020022100100
00022021100111012200
0200000010211111011022000
01110100011110010010001010
011111110010011110
10100110011211000022200101220212102222220112022
01212111011110201
0111100110001000001111001101011000100000000111011
22200010022121112222211110212
0000000000000000000000000000000000
20000122210110222011122212111101210101122012
110111001100000010
10022210
200011002
011000000101000001011111110
1010000111111000000111011001
22121110201120
1220102021102011
100000110111
10100011111011100101010100100000000100011
00111100000
00000000010010101101111111111001101101
000000000000000000000000000000000000000000
12011002112212220
10011111
01001
111100001110111001001010101011101110100
211200011
120021101010220021
1011011111100001000
1010010100100101100000011101011101
01100000001100
0011110000
10111000110101
02111001022200022002200202
12010221020000011201
000110001110101111001101010001010101
1001221200210202
0001001
0110010100001011100001001110
000000000000000000000000000000000
1010011101
1101000101100100111010001000
2102022020102
111111001011111011011101
1021012010011010001120102002
02112211002
10111100110011001111011101100011110100001010010
002100101002112010
101101000110001001101001000100
20121211011121
0010100110101011011011
1011011111
210221110211101
01011110001
2000112
1112022020001111000101221112101212210211
001010100001000001000010011101111010010000011001
00210002101222111
2120021121022221122220220212011010200112000
22212212100102021120211
2121220202211
101100001110000101100111100110011101001111100000
1001110000
001001001101000111111000100011
000111001111111
10111011011101100101111010010111100011110011110
000000000100101011011111111110011011010011
2020221210210112102222110011211122102202
010010100001
21101100120210111221222101120110022120120002021
0101001010111010001101000100101100100100010
01101001110011001001110010010001110100101
000011101001001010010101110
11100111011
111111110000111100
111012120021002101
001211221211220111212211002220
22212212100102021120211221102011200
120201000200200221001
10110000111000010110011110011001110
01111101011011111011001000110110001001
1011011011000001101000101001100100010101
1020011201002002220
201211020000212211221001122002100111201221001112
10122212111201012020011122111020220202200202
011000
0100101001001110000011100011101101111110111110
10201210112102012201
0012100011001220212
1100001101111110110011001000000011111001010
111110110100
000111100011110100011000001
11010110101110100110011011110011100000111
000111100011110100011000001011110
001010001001001011110010110101101
2111200022212212212212211221110010200201
101110110111011001011110100101111000111100
2202100212121
2201122201120
110100010110010011101000100000100111001110011111
0010010011
000100101001
001010100001000001000010011101
10100001100101100111110000000000010111001000111
11110001111
1021221211011121122120120201101221201212
101110022222110221010021020111021200211221200110
011000100110000111
11000011011011
01000100010110101011111
0010000100
0210200012111111110
210210111022111100221211021210202000110021000021
220120211112112121112001002222
010001100111111110001100100011101001000011010110
0222112220011102200111022202010220221002
02010120000220222120120000102122021220221200
111111000001110011100011110100110111101
0120101100002001200210011
011100000000010011101010011111
0111110101101111101100100011011000
10100101
2201122010201
20120220202012
0011000101111110101010100011111111010101110
0220212122020
1110010010110110010110
001111000001111110
01100101000010111
02021201200220021200202020200102121020
012102222121
210112221100011010
100101111010001100111110000001110010110101001100
100011010001011011110010100101111010000111
1102122100112202121002220210000212000102001122111
010011010101110111100100101001000011
212220020110110100
10110111111000010000001111
1211101122
0121022221210
000111011000010101110001010110101
121220121010021
122122
111001100111
101001110100
0202112102122202202102121120101002220011010012
20112201001102022211110122
11212121122
002002112021210212212122011212212201202000
2211001001110111021220110011212111020211112022020
0212011122102020200010201200111111202012201110221
0111101010110100111000101
011110101011010011100010111101110101
1000001101111110001101
211221000122
1101100100110000101001111001001110110101111
10010000120200111122010
01100000010100000101111111
22102212111100220000112222001112001202220210100
011001010000101110000100111
0000100101100110000110
00000110110110011000
0001000010111011001011100111101011
00011100111
10001101000101101111001010010111101000011111000
1011000011100001011001111001100111010011111000
011011011110010000010101100011110010010111
1100110100111
120121122
011001011011111101000111111010011010
1110011001111111
202012111
01101011100110000111011011010011
11011001110100101110
2012121101112100
00000000000000000000000000000000
21122220002000121120120102212
01100000001100110011000100100111111010001101
121101001002210100111222012220101022122
10100001100101100111110000000
1101011110110010011011101011100101010110
1111102100110011010210
11102110101112210
00101111001101
111201211000
1011101101110110010111101001011110
0221220220000102
001100111001001111
11111111110110
000021210221011212010212022122012220202002110
10010111101000110011111000000111001011010100
1012011202010220210
2011020
0111110101101111101100100011011000100111011
1011110011001100111101110110001111
000000010110101011010011
0111011201202
11111010111001010100000011110
22002210201220
00000200222002010201020
2112000112101020102211220100121202011112
011111011011000101011100
100111000000
11101000111000000111101111110011001101111101010
011011011110
00202222102211220022102112
1210021212101002000
00100000001111000001111100
00111000000011000011001000101
2120111
110111000100100001101001101111110100001
12211022102110
10111001221022121222
210210021221120200100
0100000111111001011010111
01200001202
21021011
0010100110111000001011011011100110010
00100111010010
0011112001011020212020200220100221222120202021002
011022102211212201102010101000222202202111100111
101020121
10111002222211022101002102011102120021122120011
11101000110101001010010100011011
0010100101010101000101011111100000010101
21011222110001101
000111101110110101010011101101110010111
110010111100010000001101011011011010110
01111101011011111011001000110110
20201001020222001101022000120201220212
10100001100101
000001011011100
101111001100110011110111
111001110
00111100000111111011011
111001100111111100
2020
222121020
1110011111
110111000100100001101001101111110
10111100111000101001111101010001
01100101010001111001111110100000010001100001
0222011002012111
10100001110101011010
101111001110001010011111010100010101001011001011
101012012010221
10001101101000100001100001101110000011
11001001
0101212222102210010200222011122112001
011111100000100101111100111011110000111001
2001012002212221011220000020122102222100020122
11101010100100101001001100110
021101011122
22111200221201012221101122001112102212120
020020011212220110110122002221122000102122022
2012100110112
1221102210211
21212221012
1110011100110
11101101
01000010111010111010110000
210221110211101021020002220200000212201212111012
22010121021221210012001001010021101210101002200
111111110000111100100111100001111100
001111000001111
101100101001210201220
00000110110110
2011220100110202221111012222
11001100000110
201212012001
12211122220
000111011000010101110001010110101011
202101012100211000
111011000100010111000010011100000000001010
010102221212122002122012102101122212002002
012100112011202212202002100110002022220221122
101111001110001010011111010100010
1001110000000100100101000010111110111111
00001111001010001011001111001101010111
21000212001100002
201122010011020222111101222220010021101
0211100102220002200220
0011112001011020212020200220100221222
00110011100100111110011010000011101
101000011001011001111100
1012001111121022
200212122022012000222002002012221201210221
111100
10222012102211122022
110001100000111100010101100000101
11011100010010000110100110111111010000101001
10011100000001001
0011110011100111
1011011100
1221020102100
11101000110101001010010100
01111111001
11010111101
00001001011001100001100101100011011100101
01012
0001011001110010001011110110
00011101100001010111
020201210112200
020120222221
1010001111101110010101010
0110000110110101101000000010011101100
010100101011
0110000011100010010001
11100000010111100
000110001100100101111
0100212120200000011012
10001101000101101111001
12220110100012012
220210020012220
011101120120212110120
00110000110111010001111000000010111
200212122022
011000110111101000011100
11202010211221200210112001011
11111111000
1110000000111101011100111100110100001101101110001
1111101011100101010000001111011000110110
11011001001100001010011110010011
211111222201
01111011110
02201012
2122012010100202020020200100202100
11101122010100010112
111111001110001101
0000200121001021121022000212210120211020220212220
111121201
00111001
000121000020021100011021010
0110011000101101
01100
00010110011100100010111101100011
110111000100100001101
111010000101000100100010001100110011110010011101
1000011100010111111011110110000010000010010011011
10110111001110101011010100100101
11001111000000011
10100001111110000001110110011001
0000010111110001011110101110010110111011100011
00000101111100010111101011100101101110111000
00101001101110000010110
00000000000000000000000000000000000000000000
11100111011101101110110100101111
01100010011000011111
10010000111001100010110000100010000101000101110
002222
11001111
222121002221020100
1100
0111110101101111101100100011011000100111
0010100110101011011
110110010011000010100111100100111011010
0000110201002221212101110212002211012120202210021
2111200022212212212212211221110010200201000
0010000111101110111100000101
0110011000101101101011111000100001010101
20202212102101121022221100112111221022020
2001020202021100021
110111000100100001101001101111
01021021000221100120
02112110
1111001111010001101111111000000000
1010201210202112020002210111212022212
00011110001111010001100000101111
011000110111101000011100110
022111220111222
22212100222102010
010101110110001001100000101001001101110010111
21200010
11010111101100100110
10001101
1022110110000122121
22000100012021102212211111202221021222211
10110100011000100110100100010
1101101101111
20010122
00111001110001111
121210000012211020021001
01012122221022100102002220111221
0002101220
1110100011100000011110111111001100110111110101
11120220200011110001
01012001222122100210
0202020011011212001
21120120021121
12102220120020110211001012222221111011021112
0221112201112
2110021221121
001101101000110111
1101000101100100111010001000001001
1001110
011010000001
11001000101100001000011001001100110011110101
00111100000111111011011101001100110000100110100
12020120210201
22210012010002201
00210210112112110
000111100011110
00011110001111
1001000
001100001101110100011110000000101
02011101011021210101
111000111011110110100111001111101
000000010110101011010
0010000001001010010000010001001
11001010000111000111011111100
11120220200011110001012211121012122102110222200
111000101101111001110001
1020122
00200211202121021221212201121221220120200
00120000122
11000
0201010110022100010011211111122202202120220002221
11101101100111
111100111101000110111111100000000
211212122
1002221
1101110001001000011010011
100010101000000010100101010011010010111
111010001101010
01002220202001
110101111011001001101110101110010101
1101100011
12111
120122121211
2100122212010200
221000212
1010000110010110011111000
10110100011
0101010001
100000110111111000110101001011101101
00012100002002110001102101
10110100221221
11110011110
0020021120212102122121220112122122012020
001000000100101001000001000
0212101100000022011200012111211121002
11022
010011012000
1121202121102
0222001120202
2000021120111201200122202012022111000101220002100
01100001101101011010000
100111110
0111110001110101111000011101111101001010011
0211011110111000000101201000
02211122011122220000112102022001001122
000000112001222020201
120121120112
01100000010100000101
110011
1100010021021111121100201
21010110
1011011001010100001001010010010011100001100101
222112022110
022121010010102021
01111111001001111011100001100111000110
110120101120012012
0221112201112222000011210202200100112210102012100
11111100000111001110001111
102201000121
101020
02211112200101002
120002212202112101
111100011110010010001110101100000011101001111
00121122121122011121221100222
202010010202220011
10011100000001001001010000101
10000111000101111110111101100000100
1020211201002201010
0011000011
22112222
0101001010010001110100011111100011011010001010
12000221220211210122100122120111102100
10111011011101100101111
00010100100111101000000010100001100001101010110
000111011000010101
111111110
00110011
1111111100011
020210001200202022
2122102200002
01200111120111120221
10110011000110000101100
1201012000222211212000220200120202200200202012101
021101111011100000010120100
01100101000010111000010011101000111101000111001
0110011110100111111101000111000001010
1011100011010100101000110100010
0100001011
11100000001111010
01100010011000011111001010111100000100000111
221011021
0010000001001010010000010001001011111100
20020
0011
21022222122202120210120000102110112001221020
10210022002110
0100011001111111100011001000111010010000110101100
001000000011110000011111001100
121110112212010010201112
01111010101001101000010000010000010001100100
22221120222
00000001111001111
01100011
2002110010002211021221021001201212020122210212
2221122020121021000221200200022021112111112
002200
2001102010002000002000122001101121221112101000011
2222002200202
0000011011011001100000
1012011
00101001101010110110111001110110010110111
002022221022112200221021122221122101121110
2221221210010
2120121221020122221
1111000111100
110011110
01111100011101011110000111011
00110001010111111111011010110000101101101
02211121
110110110111100000100001
21001222120102
022111220111222200001121020220010011221010201210
1111110
010111000001000101101101101010001111100000110010
120202221
0001011001110010001011110110001100
101010100110010010000100001110
222000200012002201101100220021002111121012222211
0212111112020101222101101201201222200201111011
122111222200000
10100001100101100111
101110001101010010100011010001011
011111110100001101001011101110111001100001000011
0022022110011011011
01011110000010
011100110110111101011011010000010100111
11010102010002112102
010001100111111110001100100011101001000011010
1111101011100101010000001111
00101001101110000010110110
10110111110011011
001100
11101001000000010101000111010101011110101
11000100210211111211002011210
21000212111221200201220201121220022110111000210
11111111000011110
0011110000011111101101110100110011000010011010
0110001101111010000111
1010000111101101110010011100000010010000010
01012122221022100102002220
011101000111100100100010101001010111100010
111202202000111100010122111210121221021102222
111110101110010101000000
11001010000111000111
0000000000000000000000
110011000
11001000010010010
1001000012020011112201
10111011011101
1110010010110110010110011
1111011110
12011011101110110100002212200211220212
11100111011101101110110100101111111001
21001222120102000
00011110
0201012000022022212012000010212202122022120
1011000011100001011001111001100111
10000111
011111001111011010001000101010110
001111000001111110110111010011001100001001101
1110100100000001010100011101
11111011010011
11011100011011110100011111100101
21110020111001021122120211210212221120021012
1111110000011100111
11011010001111001100011100
121022001200012011
1222220100220210011011012010212222121110022
01111100111101101
011011010011010001111101101011010100
10111002222211
2201010222220
100100120120100000011221
111010001101010010100101
011200221010111111
0100110101011101111
2001102010002000002000122001101121221
0110101110011000011101101101
10220122121012021001110122100221122220100002011
111110210011001101021
1011110000112110221
0101111000101010000111000111
0011101111010001110001011011100000111
002002000201022221
0000000001001010110111
111000000101111001010011110011001001011011101
211221022210
0101110000010001011011011010100011111000001100100
2102200010100211001101
010001010001
11011011100100111111010000000011101100
010000100110
1222121222101211022112220020001011112
10102012102021120200022101112
101101110011
111111110000
11101100010
11011100010010000110100110
1101111000100110101001011001011010110101
0001001011011011011011111010101101110001000111
112210212022
20010120022122210112200000201221022221000201220
000101011100100000110111110101100111001110000
02102000121111111100
12000100221002020021
22010102
00011011010100110100010
1222121222101211022112220020001011112011112020
101110110111011001011110100101111000111100111100
11101010011011001
2020101211
01011110001010100001110001110
2000021120111201200122202012022
111110011100
110110110111100000
2212001222020
21222101212
212121111200112111112112112020000011120112022
00000000
1110001011011110011100011011000011010
122212122210121102211222002000101111201111202
10100111110010000101
110010101000001110110
0110000011
201122010011020222111101
0001011110100100101001111000110100110
22010121021221210012001001010021101210101
11100111001101000010100010011101011
0211210202121110200222222010221121112012
0100101001001110000011100011101101111110111
102101201
0110000110110
100001
0001011001110010001011
01100101101111110100011111101001101011
122111222200
020101222102120002011200112012110120011201211212
0100100022102220100122000212
01001001100111101100111111
11011001110100101
11010001011001001110100010000010011100111001
100220002202122
110000110110
101100110001100001011001110000101101010011010111
2210120211112
110011020001122011020
20010110112201
1212220102111100020100
222100120100022010102112120121120220012
00000110110110011000001100
0000100101100110
2201012102122121001200100101002110121010100220
01100001001111000000000011101001100111100111
1111101011100101010000001111011
0211002022
1011000011100001011001
0000111100101000101100111100110101011101001110
21220120101
0010100110101
11101010100100101001001100
020210021010012211
0202020102121120
1111001110000110011000000110010110
1111000011101110010010101010111011101000111100
1010011111001100110001
010021
00
000111101110110101010011101101110010111011001111
01012122221022100102002220111221120010
1002001202
1000110100010110111100101001011110100001111100
10110000111000010110011110011001110100111110000
2210221211110022000011222200111200120222021010
00002121022101121201021202212201222020200211
0011011
1101000101100100111010001000001001110011
1110110111000000011010001001000000001000010101111
2201202111121121211
212201201010020202002020010020210
011000001110001001000101100
101100001110000101100111100110011101001111100
0012112212112201112122110022200
010120110
101120222200210
1112022020001111000101221112101212210211022220
12211122220000
221012
1100100001001001010010
212002112102222112222022021201101020011200
0000020022200201020102
101220111120202
11000011
1002221012122020200002001221012022122
0222012011021101
1010201210202
000001101101100110
1120200221020011222211210220001101111222210001
11010001011001001110100010
0010100110101011
202201212
00000101101
1001110000000100100
11110
1100010021021111121100201121000
011012221221020001
22010022102211
0010000001001010010000010001001011
1011011111100001
0020222
0000000
012122020121211221011010212111200020002
000011100212110212022221112120121212011222
110110111001
101001110100000
010121222210221001
212020210021111
22120212
22100102100201
00001111001010001011001111001101010111010011100
020111012210102111200101212021222221212201
0000011011011001100000110
011000000011001100110001001001111110
01010001011010111111101
0110000000100010101
101111001100110011110111011
2022210000221111202120102101121221021101212
122002121200200200021
212020100022222
000000000000000000000000000000
0001110011111
011002012001021001000110011
0021021011211211
110001002102111112110020112100
01000000100
1001101011110011110100100010111
1000110100010110111100101001011110
111010010101000110010101011
01111111001001111011100001
011111110010011110111000011001
01011110001010100001110001110011
122110221021101112110211221022222001221
11111100101111101101110111
10022210121
1220021
022221010220222100000202020120111121102112
001000011110111011110000010100100110110100
212211202111122010110120200011020101212021212
11100111001101000010100010011101
0000001101110001110010010110101011
022110111022021
201212110111210
1222021201012
0010100110101011011011100111
2122200201101101
2201012102122121001200100101002110121010100
0111110101101111101100100
2020100102022200110
1110001010100
111000111011110110100111001111101000000011
0110100111001100100111
1001110010202022021
21000212001100002102111000222
00101000100100101111001011
01010010100100011101000111
0100100100011111101
000000000000000000000000000000000000000
220000
0000000000
122212122210121102211222002000101111201111
1011011000100111101001100111000011111010
22021002100222
021110010222
2221221210010202
11011001001100001
0121220201212112210110102121112000
010100101011101000110100010010110010010001011
001111
011011021200120202
111111110000111100100111100001
1011111002002222
101000011001011001111100000000
1001110000000
101101110
00101001101110000010
220101210212212100120010010100211012101010022
1101110001001000011010011011
100110101111001111010010001011110101111101011011
10210120100110100011201
1011100122102
1111001111010001101111111000000
01111010101101001110001011110111010110110111011
121222010211110002010
211222200020001211201201022120
010100101011101000110100010010110010010001
2110002111211000102000210121222211101212010201220
1001011010010
20010122211220100021
2221210202222
11010111101100100
21112121000212
1101101101111000
02101
0212101100000022011200
1001011
10100010000010010111000111111010011100101000011
01001010000110111110011000010100
010010100000000101010111000011101001101011
112020220111102202122020021001002011021100122
110110001111
1111101101
1110000000111101
010222201020200
10101001100001101111111
1101000101100100111010001000001001110011100111
101101000
011111110100001101001011101110111001
11011001001
2001012222210222021202202020011102010022202
01011100000100010110110110101000111110000011001
020000001021111101102200
0210012222110100200000111010202102111221121212012
