010101110110001001100000101
101110100100100110000100011111101
0100010011110111011010001101
10011010111100111101
00000001011010101101
0001011001110010001011110110001100010101
1111100011111001101111100101
01100110101
000011110010100010110011110011010101
0110101110011000011101101
00010010110110110110111110101
101000111110111001010101
111110110100111010100110101101
101110001001010100101001101
100001101110001111110100101
0000011010011110101
01000100010110101
1001110101000011110110111111011111101010110010101
111111110001110110010110000001101101
000101001001111010000000101
0001111100101100001101000001001000010110000001101
00100001111011101
0010001101101011000111001001001010010101100011101
111000101101111001110001101100001101
110101111011001001101110101110010101011011101
000001011011100101
11110000111011100100101010101
111100101001101
10000000101
1000101
00111100111001110011100000101110000101
01101101001101000111110110101101010010101
101101101
10100110110101010100100100001101
011110111101
01011001100100010101011000101
111110101011100011101010101
11010111010110010110000111011111001110000110101
0100100101
01100000001000101
01110011011011110101
1000011110100101
110111100010011010100101
0011000101
001000110000011011001001011110101
10110110010101
100011000101011000000101
100000010101101
101110110111011001011110100101
111101111110111111101
100001111010010110111001011010010000001100101
111111111101101011010100101
100101100101100101
01111010101
110010001011011001101110010011100101101
101100001000111100111101
10000000101100110001000010111011101101
10110111001110101
10011010111100111101001000101111010111110101101
011000100110000111110010101
0010101
110110001111100011010101110011111001001000101
0010000100110100011101
1000000001101110010101011111101101
1011011011000001101000101
1010001001101010110010101110010000101
1000000011110010110100000000101
1101100111010010111000001001101100100110001000101
1001011110100011001111100000011100101
11101001000000010101
001110111101000111000101
001010011010101
0111110011110110100010001010101
0010100010010010111100101101011010000110101
111010000101
11111001011010101
11101000110101
101101100101010000100101
111010010000000101
1111011111101
11110100111100101010100101110010010110000111101
0001001001010110111101
000110001110101111001101
00101000100100101
111100110101111101
01001000101
000100101101
00011000111010111100110101000101
010010011001111011001111110110000001100001101
0100010101
1110101
00111100111001110011100000101
1011000101101101011101
0010000000111100000111110011000000111101
000100101101101
00110000010011110101011000011001101011001101
0100111011000111101010001001011110001000110101
1110001110111101
1110100111100111000110000111001110101
11010001000101010000101
1101011110110010011011101
0100010101000101
0110000110110101101
000101
1001111101011101
0010100010010010111100101101
0001110110000101011100010101
10100110110001001001101
01110011011011110101101101
011101
00011100001110010011010101
011100000000010011101
1110100100000001010100011101010101
11011011011110000010000101011111101
000100101101101101101
11011001001100001010011110010011101101
011000110111101000011100110101000010011101
111010010101000110010101011001011101
11111111110110101101010010101
00101001101
011011011110010000010101
00110101010010011000001101
01101101001101000111110110101
0111100100010100010111011100101011110101000010101
0100101000011011111001100001010011101110100101101
000000000001001100000101
0100010001011010101
1100101010000011101101000101111101
1011100011010100101000110100010111110101
1110000101001101100101
0000000101101
1000010101100111100110001110110000100011101
1001110101
11010100001100010101101
101111000110101
01100011011010111110100111100111111100000101
01110011011011110101101
001110111100010111000101
111000000101
10010111101
1000011110101111001000011001011100111111010110101
001011000110101
010011010101110111100100101001000011101
01001001100111101
11010111101100100110111010111001010101
011100011001110011101110100110010111001101001101
01000000100101
0111101
10100010010011001011000101100101100111111110101
0100011101010111001010100111110011111011110000101
11001100011011111011011110101
011011100011101110000111000001010010011101
11111111110110101101
0011100000001100001100100010110101000000010000101
1011010001100010011010010001001110101
10011101010000111101
111010010101
1100101
00000001111001111011010100010110100011111100101
10111011011101100101
001000011101011000101110101
1111011110101
011111100101101001001000010101
1111011111101111111011001001001000001111111101
10000000111100101101000000001010011010010101
0100011000001101110001110100011000100100000111101
010010100001101111100110000101
010111000001000101101101101
1010111110000010100101
00101111001101010000110111100010111110101
0110010010010101
1001110101000011110110111111011111101
01111100111101
010010101
111010010101000110010101
0110000000100010101100110000101001101
0100111001010101111110000101
10000111101011110010000110010111001111110101
0000000000001101000001101100001000100110101
01101000000110000000101
00010100100111101000000010100001100001101
1111011110101011110100101
00011100001110010011010101110111011110101
011101111111101011111010001011100010001101001101
010011100101
000100101101101101
010000001001010101010011011101
00110000010011110101
1011110001101011001111100000001101
111110101111110000000010010001101
0011000001001111010101
111101
01001101010111011110010010100100001110101000101
0110100111001100100111001001000111010010101
0011000101011111111101
1111010011110010101
001000110110101
110101111011101011101
010011010101
0111110101
10011010111100111101001000101
1000000011110010110100000000101001101001010101
011000000010001010110011000010100110101
11001100000110010101000110010101111000101
01001010101
1101
010011010101110111100100101
0010100101010101000101
111101001111001010101001011100100101
11100000010111100101001111001100100101101
110111000110111101
11111001011010101000100110110010100010101
0011000001001111010101100001100110101
010001000101
11100000010111100101
101101
00011000111010111100110101000101010101
011010011100110010011100100100011101
11111100000111001110001111010011011110110101
0110100100001111001111010101
0001110000111001001101
101001101
10001111101
1010011100001111001111100110000010010010101
01100110001011011010111110001000010101
1110100101010001100101
0001100011101011110011010100010101010101
011111100101101001001000010101111000111011011101
0110010101
0100000010010101010100110111011110001001110101
1011011011000001101000101001100100010101000100101
1101100111010010111000001001101
000011010010010111101000100001001000101
0010100101
010010100100100100111011101
011110101011010011100010111101110101101
11001000101
0101000011001100100001000101011111101
0001001010011001101000001110100111000101111101
0100101
011001100010110110101111100010000101010101101
0111011001111100000110100011000011101
0001011100011001000001100000011001010000101
0110110100110100011111011010110101
001110111101000111000101101
00111001110001111001000111111000110001000011101
010101100001011000010111111110110111001110011101
101010000001011001101
011110010001010001011101110010101
110101111011101011101000100101100100000011011101
01101101001101000111110110101101
01000110011111111000110010001110100100001101
0111001101
0101011101100010011000001010010011011100101
1110001010101100000011111111111010001110101
1110011110101
00100100101
10101011100101001010101
01001001010010101
0111001000101111000011101
110010001011000010000110010011001100111101
100000000110111001010101
00110001011111101
00101
010001110101011100101
011001100010110110101111100010000101010101
00001001011001100001100101
110111100010011010100101100101
1111000111100100100011101
1011110011001100111101
1100011110001110000000111111101
000111001111111000100100010001101011101
00010100100111101
00101000101
0011000011011101000111100000001011101
10110110110000011010001010011001000101
11001110100111001100001111001101
0011110011100111001110000010111000010100111001101
011100110110111101
10111001101
010100101
101001110000111100111110011000001001001010101
10001101000101101
1111001110000110011000000110010110111110101
011110111101010101101
011001100010110110101
0110001101
1111011110101011110100101000011001011001110101
0101000101101011111110101101011101
111101111010101
10000011011111100011010100101110110110001101
011111010100100110001101
111000101
00000001000101
11100100101101
0111000111011100010111100110010110101
1111111111011010110101
1110010010110110010110011101101
0111111011100000111010101101
1001011010101
000011101001001010010101
110101111011001001101110101
11110111101010111101001010000110010110011101
11101100011000011100000110101100100111101
0001100011001001011111101001101
00110000010011110101011000011001101011001101101
00110000110111010001111000000010111011111110101
1111110000011100111000111101
01001101010111011110010010100100001110101
1101010000110001010110110101
000011101001001010010101110001000001100101
100001111010111100100001100101110011111101
0110101110011000011101
011110111101010101
0100111001010101
01100001101101011010000000100111011000111000101
1101010001010100101
11110111101
1000000100010000011000000110011110010111101
1100101010000011101101
0110000000100010101100110000101
011000110110101
0110001001001000111110000000100001001101
010000010111110001101011100100101101001101
1000000001101110010101011111101101101
0011000101111110101010100011111111010101
10000110111000111111010010110101
0010000100110100011101000001110010111000100101
1000000001101110010101
000001011011100101100101
000100101101101101101111101
01100101000010111000010011101000111101
001100000100111101
000111001111111000100100010001101
01100111010001010100101
11111111110110101
0010100010010010111100101
0011010111111101101011100010000010110111101
1100011110001110000000111111101110111001100000101
111100011110010010001110101100000011101
0111110001110101111000011101111101
000100101
00000000010010101
0010100000010101000010010001100100001101
0101111110100110011111011101
11110011010111110101100101101
010111000001000101101
1101000101
00110001011111101010101
11001100100001010101
000000000100101011011111111110011011010011101
011011010011010001111101101
00011101100001010111000101
0111110101101111101
0111101010110100111000101111011101
100000001011001100010000101
01111010101001101
0100111011000111101
1100011000001111000101
00010000110101
1111001111010001101
011111000111010111100001110111110100101
100110101
100011101
010011101100011110101000100101
001010010101010100010101
0111101111010101
001110100000110100101
11011000111110001101
0001101000111101011010111001011110101
1101100011111000110101
011110101011010011100010111101110101101101
0100010001011010101111110001101110101
1011101001001001100001000111111010011110001101
00110001010111111111011010110000101
110001100000111100010101
11011000111110001101010111001111100100100010101
11110010100110101101111101001111101
11011110001001101010010110010110101
1110100101
11111100101111101
1011101101
0010000111101110111100000101001001101101
0100111001100110100010010101110010100011111100101
10000111101001011011100101
01101110001110111000011100000101001001110101
11011010001111001100011100111011111101
101000011101
110101
000000001011101
1101111000100110101
10011001110010000010101101110111101
010000011111111110100000111111010110110101
111111110110100010010101110110110101
11011010001111001100011100111011111101001110101
1111000011101110010010101010111011101
00011100111111100010010001000110101110110001101
11111000011111001101011101
0110011000101101101
1100001110000101010110101011101001101
001010101
01001101
10011101010000111101101
11011110001001101
111111000001110011100011110100110111101101
11000110001011101
001010011010101101101110011101100101101
000001011111000101111010111001011011101
01100101101111110100011111101001101
1001101100101
100010110100111111101
00110011100100111110011010000011101000100010101
1100111101
1000000001101110010101011111101
0000011010011110101101101
00011100111111100010010001000110101
10011110101
0100101000100110001100010110100000001000010100101
001100010101
1101100011111000110101011100111110010010001010101
0110110111100100000101011000111100100101
011000110110101111101
10111100111000101001111101010001010100101
0000100101100110000110010110001101110010101
001010010101010100010101111110000001010110101
000011101
100110101111001111010010001011110101111101
10011101010000111101101111110111111010101
001011100011010111110111010100101000010001101101
000111000011100100110101011101110111101
1010101110010100101010100100111000100000101
0001100011101
001100111001001111100110100000111010001000101
00000110100111101011011010101101
0100110101011101
10011101
0110110111100100000101
01110111100101
01111001000101
1111111100011101100101
010110011001000101
111110001111100110111110010110000001001110101
010001111101
010101
010101011011111001111011011010011101
011010010000111100111101010111001110010101101
001110111101
11010111101100100110111010111001010101101
01101
011011010101
0010100010100101
01011010110100101111001010111011101010110010101
0100000101
00101010110010011101101110100100101
0100000010010101
0100111011000111101010001001011110001000110101101
100110111111101010010001110101011101001101
000111011000010101110001010110101011011000101
011010000001100000001011011111001111100101
0110001101101
0111001101101
11000011011011111101001111110011110001101
0001100011001001011111101
011000000101
01000101
11110111101010111101
0111001101101111010110110100000101
000101001001111010000000101000011000011010101
0011000101011111111101101
1111100011111001101111100101100000010011101
0101011101
010100001101
01111101010010011000110111100111110101101
1111011111101111111011001001001000001111111101101
00011000110010010111111010011011001001000110101
1101110001001000011010011011111101000010100110101
0110101
010011010100101010101101000010101
010111100010101000011100011100111100101111101
010001000101101
100111010100001111011011111101111110101
1100110010000101010100010111100100100100101
00000000010010101101
001010011010101101101110011101100101
0011110100010101011101
00110001010111111111011010110000101101
001100010101111111110110101
101101111110000100000011111011101
101101110011101010110101001001010000010101
011110101
011011010011010001111101101011010100101
1100110011000011010101111111100001101111100101
111100011110010010001110101100000011101001111101
10100100001111101
000110001100100101
01101101
0001110000111001001101010111011101
1111111111011010110101001010100010000001101
01000100010110101011111100011011101
0000100101100110000110010110001101
0111111011100000111010101101101101010100101
1010000111010101101
1101111100100001110101
0100010001011010101111110001101
1101110001101
0111110001110101
1011101010011010011101
1001101011110011110100100010111101
1001011110100011001111100000011100101101
011001100010110110101111100010000101
0111101000011010010101111100011110100010101
11001100000110010101
1001101101110111001001011001111101101101
00001110100100101
1101011110110010011011101011100101
11100111011101101
101010100111101101
0101011000010110000101111111101
00010010010101
0001111100101100001101
111010010000000101010001110101
01001001100111101100111111011000000110000110101
100101111010001100111110000001110010110101
000000010110101011010011011101100101
1111100111001110010001111111000000011101101
0001001011011011011011111010101
1000011110101
000111000011100100110101
01110111100010101000011010001010001001001010101
110010101
10001100101
1001101
110101111001000001010110001111100001011001101
00000101101110010110010111110100100001001000101
010000001001010101
010001000011001100101001101001011010011000101
01001110010101011111100001011111100000010001101
01100101101
111101001111001010101
0110001001100001111100101
011110101011010011100010111101
110101111011001001101
1101101000110010100010101110110011100110101
111101111010101111010010100001100101
101000011111100000011101
01111100111101101000100010101
1111100011111001101
10000000011011100101
00000001011010101101001101110110010111010101
001111110100011101101
01110000000001001110101001111110100001101
000111000011100100110101011101
100011111001101
001010011010101101101
01101110001110111000011100000101
0111011110001010100001101
0011101
111111111101
01111110011000111100011110110101100101
00101001010101
0110110101011010101010001001010110101
010000010111110001101011100100101
111100011110010010001110101
000001011011100101100101111101
011001010000101
000110001100100101111110100110110010010001101
1011110001101
011100011101
10000001010110110001010100100001010001010001101
1111100111001110010001111111000000011101101101
001010010101
101001010010010110000001110101
10100111110010000101100000011011111100111101
01001110110001111010100010010111100010001101
0100011101
0100011111011010011101
001010001001001011110010110101101000011010101
111100001110111001001010101011101
01001010000110111110011000010100111011101
101110101001101001110110001101
011110111101010101101100101
100101
11100011101
0000100101
001100001101
1000001101
0011010111111101
11110011100001100110000001100101101111101
11000111100011100000001111111011101
1000110000101010010011111000100000110100111101
1010010100100101
101100001110000101
1000000011110010110100000000101001101
001000000011110000011111001100000011110101
1111111100001111001001111000011111001010000101
100110110010100101001111101
00110110110111110011011000100011011001101000101
111110101110010101
101101111110000100000011111011101100010011001101
100111010111110011100101
10010000111001100010110000100010000101000101
111001100111111100111010001010001101
0001010010011110100000001010000110000110101
1100110000101111111110001101101
010010010100101
1111000011101110010010101
001010011010101101101110011101
1001101101110111001001011001111101
01010101101111100111101101
00000000010010101101111111111001101
110110001111100011010101
011011010011010001111101
1010101
00011000111010111100110101
0010111000110101111101110101
001111010001010101110110110000001100101
10111001101111001111101111011011010101
100000010001000001100000011001111001011110101
100100001110011000101
10100111000011110011111001100000100100101
00111101000101
1011101101110110010111101
001001000010101
01010101
101
00000101111100010111101011100101
0011001110010011111001101
00000101
01000100101
00101000100100101111001011010110100001101
10100010011010101
100000001111001011010000000010100110100101
0010100101010101
1000110000101
10000011010111011100001101
11101101100111101
0010000111101110111100000101001001101
1111101011100101010000001111011000110110101001101
00011000111010111100110101000101010101011101
10000000111100101101
01110110011111000001101
00000000010010101101111111111001101101
1010010100100101100000011101011101
1100110011000011010101
10111000110101
11100011101111011010011100111110100000001101
000110001110101111001101010001010101
001011000101011001100111001101
1010011101
111111001011111011011101
0101000101101011111110101101011101000111110100101
010101110110001001100000101001001101110010111101
0011000011011101
11101001010100011001010101
011011100011101
1000000001101110010101011111101101101101
01000100111101
00110101111111011010111000100000101
01101001110011001001110010010001110100101
11101
1011011011000001101000101001100100010101
11000011100001010101
10000111101011110010000110010111001111110101101
0011111101
1011011011000001101
0111110001110101111000011101
11110000111011100100101
001010001001001011110010110101101
11110011100001100110000001100101
1010011111001000010110000001101
001010100001000001000010011101
0100110101
100111010100001111011011111101
111111000001110011100011110100110111101
0010101010101
10100101
001001000010101000101100100101
101000011101010110101011101
000000000100101
1010000010111100100001110010101
000111011000010101110001010110101
001000110110101100011100100100101
11110011100001100110000001100101101
101001000011111011011001101
00110000010011110101011000011001101
0101
00000010101
0111101010110100111000101
011110101011010011100010111101110101
1000001101111110001101
00111000000011000011001000101101
111010010000000101010001110101010111101
110010001011011001101
101000011111100000011101100110010100001010101
11101001000000010101000111010101
000110010101100111010011101101110100101
01100000001100110011000100100111111010001101
010110011001000101010110001010000000101
01101011100110000111011011010011100101
00101111001101
010110101101001011110010101
0001001011011011011011111010101101
011110101000001101110000011000111100000011101
1110001110111101101
1101011101
001111110100011101
111101100001111100000101
00101010101
00111000000011000011001000101
0001110110000101011100010101101
110111100010011010100101100101101
1000000001101
0001100011101011110011010100010101
101101100101010000100101001001001110000110010101
0010100101010101000101011111100000010101
11100000010111100101001111001100100101
100110111111101
0100100110011110110011111101
10100001100101
0000001010111001111110110001010011101
001010001001001011110010110101
11101101
10011101010000111101101111110111111010101100101
0101100110010001010101
01101101111001000001010110001111001001011101
100001000101101100100001011010101010101101
001100001101110100011110000000101110111111101
00110011100100111110011010000011101
111110101
110001100000111100010101100000101
0110000000110011001100010010011111101
100000110101110111000011011100011101110000101
00011111001011000011010000010010000101
1111000011101
10100100011101100010110010010001001000101
0011101111010001110001011011100000111101
1111110000011100111000111101001101
011110111101010101101100101101
001011010110001010101000001011000111111101
11010111101
00001001011001100001100101100011011100101
00101001010101010001010111111000000101
101011111000001010010110011100110011111000101
111010001101010010100101000110110000101001101
10000100010110110010000101101010101
101101100101
111111001110001101
10010100100111011110001001001111000101
10011010111100111101001000101111010111110101
1100100010110000100001100100110011001111010101
0110011000101101
110111000100100001101
111010000101000100100010001100110011110010011101
10101010011110110110001111111101111011111101
10110111001110101011010100100101
11111010111111000000001001000110101000101
0101101001110111111101
10100111000011110011111001100000100100101010101
011101100111110000011010001100001110101
10101111100000101
11001100000110010101000110010101
001010011010101101
011111001111011010001000101
01001110010101
110110011101
11010111101100100110111010111001010101101110101
0010000111101110111100000101
0110011000101101101011111000100001010101
10101
10001101
000101001001111010000000101000011000011010101101
01011001100100010101
0001111100101
0010000111101
1110100011100000011110111111001100110111110101
001011010110001010101101111100101010101000101
00111110100100101
100110110010100101001111101000100000101
100110101111001111010010001011110101
11001000101100001000011001001100110011110101
11011110001001101010010110010110101101
1000100000111011000101111000101011100111100101
111100111101000110111111100000000011010101
1000000101011011000101
001100001101110100011110000000101
111000111011110110100111001111101
01000000100101010101001101
0100100100011111101101100101
1110000000111101011100111100110100001101
110101111011001001101110101110010101
01111011110101
100000110111111000110101001011101101
0010110101100010101
01100000010100000101
1011011001010100001001010010010011100001100101
00011101000100001000001110000101
01000000100101010101
000110001110101
10011100000001001001010000101
00011101100001010111000101011010101
11110110100111111000101
000111011000010101
01111100111101101000100010101011001101
01000000100101010101001101110111100010011101
10110000100011110011110111001100000101
1111101101001110101
1010001101010110100000110110101
00110001010111111111011010110000101101101
0001110110000101
10000111101
010010000011100101001011001110000011101
0000111010010010100101
11110100111100101010100101
1001110101111100111001010111000111101
0000111110101
01110001110111000101111001100101
11011010001100101
11101001000000010101000111010101011110101
1010010100100101100000011101
00011101
1011110001101011001111100000001101000100101
0011101000001101001010011011101101
10111011011101
1011101
10110100011111101
00100101
001111000001111110110111010011001100001001101
1110100100000001010100011101
10101010011110110110001111111101
11011100011011110100011111100101
0011010101
01111100111101101
1100101010000011101
111010001101010010100101
0110101110011000011101101101
0010100101010101000101011111100000010101101
10000000111100101
111000000101111001010011110011001001011011101
011111101110000011101
010011101
0111101010110100111000101111011101011011011101
0001110000111001001101010111011101111010101
1101111000100110101001011001011010110101
0110011000101
010000100111111001100011010000101110101
100001111010111100100001100101
11001100011011111011011110101001010001010101
00100111010010111011111010001110100101
10100111110010000101
000110010101
11011001110100101
10000001000100000110000001100111100101
0001000011010111010100111100101
010010101011011001100010101101
010011101100011110101
11110100111100101
101101010101
010110100111011111110110111110110101
11011111000100000110111110100010111101011010101
01111010101101
0010100110101
1101011101011001011000011101
1111100111001110010001111111000000011101
010011010100101010101101000010101010001101
1100101010000011101101000101
11101001010100011001010101100101
011111110010011110111000011001110001101001010101
00000101101
0110000001010000010111111100101
111011101
010001100010011100100111011101
111010010000000101010001110101010111101011000101
101100001000111100111101110011000001010001100101
011111001111011010001000101010110011011101
01010001011010111111101
0110000000100010101
110111001100000010110110011110101100101
001110111101000111000101101110000011110101
1100101010000011101101000101111101001101
0001110110000101011100010101101010110110001011101
100111010101
01101000000110000000101101111100111110010110101
11100111001101000010100010011101
00011101100001010111000101011010101101
0100100100011111101
0111111011100000111010101101101101
01111100011101
0100011101110000110000100100101
01101101001101
111111111101101
010101110110001001100000101001001101
111100001110111001001010101
100110011100100000101
0010011101001011101111101
1111101101
1110000000111101
0011100000001100001100100010110101
1101010001010100101000110001010101001000101100101
